data	data	47.0452	64.3994	68.4861	103.615	69.7672	111.48	69.1821	106.044	30.1141	73.4948	74.49	111.945	75.2482	97.8981	1	50.8974	75.9622	109.415	59.6271	104.585	34.6658	63.3221	1	50.535	44.1842	65.3559	39.4689	77.7811	24.6165	77.5077	30.1022	61.842	1	51.9131	38.4865	68.9806	35.0574	80.9337	30.1022	50.2511	1	1	80.7945	107.206	25.9781	44.2745	55.873	52.1866	69.8156	94.7438	107.587	25.6979	71.8407	80.9947	55.4801	64.8076	53.1063	48.349	86.3272	110.411	47.1724	75.3362	48.1996	91.6342	84.3631	106.537	35.613	79.3101	81.9695	89.459	23.7574	1	52.6946	59.1394	24.2758	42.1022	1	42.6396	1	1	
data	data	Acoustic_Radiation_L	Acoustic_Radiation_R	Cortico_Striatal_Pathway_L	Cortico_Striatal_Pathway_R	Cortico_Spinal_Tract_L	Cortico_Spinal_Tract_R	Corticothalamic_Pathway_L	Corticothalamic_Pathway_R	Fornix_L	Fornix_R	Frontopontine_Tract_L	Frontopontine_Tract_R	Occipitopontine_Tract_L	Occipitopontine_Tract_R	Optic_Radiation_L	Optic_Radiation_R	Parietopontine_Tract_L	Parietopontine_Tract_R	Temporopontine_Tract_L	Temporopontine_Tract_R	Arcuate_Fasciculus_L	Arcuate_Fasciculus_R	Cingulum_L	Cingulum_R	Extreme_Capsule_L	Extreme_Capsule_R	Frontal_Aslant_Tract_L	Frontal_Aslant_Tract_R	Inferior_Fronto_Occipital_Fasciculus_L	Inferior_Fronto_Occipital_Fasciculus_R	Inferior_Longitudinal_Fasciculus_L	Inferior_Longitudinal_Fasciculus_R	Middle_Longitudinal_Fasciculus_L	Middle_Longitudinal_Fasciculus_R	Superior_Longitudinal_Fasciculus_L	Superior_Longitudinal_Fasciculus_R	U_Fiber_L	U_Fiber_R	Uncinate_Fasciculus_L	Uncinate_Fasciculus_R	Vertical_Occipital_Fasciculus_L	Vertical_Occipital_Fasciculus_R	Anterior_Commissure	Corpus_Callosum	Posterior_Commissure	Cerebellum_L	Cerebellum_R	Inferior_Cerebellar_Peduncle_L	Inferior_Cerebellar_Peduncle_R	Middle_Cerebellar_Peduncle	Superior_Cerebellar_Peduncle	Vermis	Central_Tegmental_Tract_L	Central_Tegmental_Tract_R	Dorsal_Longitudinal_Fasciculus_L	Dorsal_Longitudinal_Fasciculus_R	Lateral_Lemniscus_L	Lateral_Lemniscus_R	Medial_Lemniscus_L	Medial_Lemniscus_R	Medial_Longitudinal_Fasciculus_L	Medial_Longitudinal_Fasciculus_R	Rubrospinal_Tract_L	Rubrospinal_Tract_R	Spinothalamic_Tract_L	Spinothalamic_Tract_R	CNII_L	CNII_R	CNIII_L	CNIII_R	CNIV_L	CNIV_R	CNV_L	CNV_R	CNVII_L	CNVII_R	CNVIII_L	CNVIII_R	CNX_L	CNX_R	
47.0452	Acoustic_Radiation_L	0	0	0.748704	0.748704	0.815363	0.822871	0.792438	0.834132	0	0	0.815363	0.822871	0.815363	0.836172	0	0	0.815363	0.822871	0.815363	0.836172	0	0	0	0	0.748704	0	0	0	0	0	0.836172	0	0	0	0.748704	0	0.748704	0	0.836172	0	0	0	0.836172	0.792438	0.894379	0	0	0	0	0	0.843159	0	0	0	0	0	0	0	0.822871	0.834812	0	0	0	0	0.819545	0.834132	0.836172	0.748704	0	0	0	0	0	0	0	0	0	0	0	0	
64.3994	Acoustic_Radiation_R	0	0	0.78146	0.775676	0.78146	0.79563	0	0.79563	0	0	0.78146	0.79563	0.78146	0.79563	0	0.800767	0.78146	0.79563	0.78146	0.805555	0	0.766013	0	0.819241	0	0.780577	0	0.861724	0	0.798882	0	0.831662	0	0.780577	0	0.768182	0	0.764095	0	0	0	0	0.800767	0.775676	0.895312	0	0	0	0	0.819241	0.826625	0	0.861724	0.861724	0	0.861724	0	0	0.78146	0.785643	0	0.861724	0	0.821592	0.78146	0.827653	0	0.814468	0.821592	0.78146	0	0	0	0	0	0	0	0	0	0	
68.4861	Cortico_Striatal_Pathway_L	0.748704	0.78146	0	0.762183	0.763042	0.759373	0.758412	0.788648	0	0.958769	0.750703	0.759373	0.738691	0.808871	0	0.78146	0.761745	0.762841	0.734246	0.808871	0.726856	0.733567	0	0	0.853736	0.958769	0.732503	0.733567	0.723922	0.78146	0	0	0	0	0.729813	0.747501	0.727457	0.757513	0	0	0	0	0.78146	0.757326	0	0	0.89624	0	0.89624	0.797165	0.795072	0	0	0	0	0	0	0	0.741956	0.795202	0	0	0	0.78146	0.730412	0.811292	0.712218	0.750017	0.78146	0.78146	0	0	0	0	0	0	0	0	0	0	
103.615	Cortico_Striatal_Pathway_R	0.748704	0.775676	0.762183	0	0.773965	0.757675	0.772849	0.759469	1.0755	0.84558	0.753923	0.75924	0.795386	0.774923	0	0.800767	0.774542	0.757013	0.756436	0.777094	0.734175	0.739788	0	0.768949	0.853736	0.779886	0.727462	0.737702	0.723922	0.769158	0	0.779719	0	0.766243	0.723047	0.733305	0.730283	0.740435	0	0.776916	0	0	0.766977	0.756987	0.733579	0.76746	0.789306	0.8012	0.819608	0.775693	0.779342	0	0.834973	0.814215	0.831395	0.837568	0.806716	0.793449	0.761242	0.761406	0.812375	0.839686	0.77598	0.793176	0.770451	0.770837	0	0.758875	0.811002	0.812755	0.814909	0	0.798866	0.815949	0.866993	0.823384	0	0.805512	0	0	
69.7672	Cortico_Spinal_Tract_L	0.815363	0.78146	0.763042	0.773965	0	0.770305	0.76058	0.796018	0	0.958769	0.761726	0.770305	0.763615	0.812757	0	0.78146	0.769004	0.77417	0.761393	0.812757	0.712218	0.780315	0	0	0.853736	0.958769	0.73837	0	0	0.780887	0.836172	0	0	0	0.729678	0.747501	0.722962	0.78146	0.836172	0	0	0	0.808816	0.768562	0	0	0.89624	0	0.89624	0.783122	0.803788	0	0	0	0	0	0	0	0.762248	0.801332	0	0	0	0.78146	0.754049	0.837566	0.774195	0.748139	0.78146	0.78146	0	0	0	0	0	0	0	0	0	0	
111.48	Cortico_Spinal_Tract_R	0.822871	0.79563	0.759373	0.757675	0.770305	0	0.76879	0.767313	1.0755	0.866861	0.761362	0.770078	0.786712	0.784576	0	0.800767	0.769308	0.768338	0.761393	0.787931	0.726856	0.739788	0	0.766531	0.853736	0.779886	0.732503	0.737702	0.723922	0.769158	0.836172	0.779719	0	0.766243	0.729813	0.733305	0.727457	0.740435	0.836172	0.776916	0	0	0.774937	0.756426	0.796528	0.808675	0.786595	0.825809	0.835511	0.791083	0.798234	0.872618	0.831933	0.827884	0.849077	0.854773	0.784753	0.80574	0.772166	0.775606	0.828718	0.860981	0.819906	0.807471	0.785508	0.783866	0.774195	0.767014	0.829015	0.843883	0.814909	0	0.80216	0.840165	0.866993	0.81896	0	0.816941	0	0	
69.1821	Corticothalamic_Pathway_L	0.792438	0	0.758412	0.772849	0.76058	0.76879	0	0.799058	1.0755	1.01714	0.752234	0.76879	0.780137	0.822549	0	0	0.759562	0.773401	0.739883	0.87314	0.726856	0.733567	0	1.0755	0.853736	0.958769	0.732503	0.729521	0.723922	0	0.836172	0	0	0	0.729813	0.747501	0.727457	0.733567	0.836172	0	0	0	0.836172	0.770769	0	0	0.89624	0	0.89624	0.778381	0.800638	0	0	0	0.781606	0	0	0	0.745049	0.822868	0	0	0	0	0.728726	0.855328	0.774195	0.745324	0	0	0	0	0	0	0	0	0	0	0	0	
106.044	Corticothalamic_Pathway_R	0.834132	0.79563	0.788648	0.759469	0.796018	0.767313	0.799058	0	1.0755	0.878944	0.762349	0.769476	0.814011	0.783025	0	0.800767	0.80031	0.765592	0.758369	0.78583	0.737865	0.739788	0	0.766531	0.958769	0.779886	0.73055	0.737702	0.719883	0.777734	0	0.826557	0	0.766243	0	0.733305	0.737865	0.740435	0	0.817463	0	0	0.781451	0.759856	0.796528	0.781733	0.795408	0.80913	0.835819	0.785518	0.797087	0.872618	0.826256	0.824356	0.847829	0.853923	0.850533	0.804527	0.80051	0.772846	0.834893	0.85825	0.820917	0.80855	0.817555	0.781897	0	0.767834	0.818764	0.838878	0.814909	0	0.806117	0.838709	0.866993	0.819566	0	0.827217	0	0	
30.1141	Fornix_L	0	0	0	1.0755	0	1.0755	1.0755	1.0755	0	1.0755	0	1.0755	1.0755	0	0	0	0	1.0755	0	1.0755	0	0	0	1.0755	0	0	0	0	0	0	0	0	0	0	0	0	0	0	0	0	0	0	0	1.0755	0	0	0	0	0	0	1.0755	0	0	0	0	0	0	0	0	1.0755	0	0	0	0	0	1.0755	0	0	0	0	0	0	0	0	0	0	0	0	0	0	
73.4948	Fornix_R	0	0	0.958769	0.84558	0.958769	0.866861	1.01714	0.878944	1.0755	0	0	0.883018	1.0755	0.886934	0	0	0.958769	0.860763	0	0.873626	0	0	0	1.0755	0.958769	0.958769	0	0.780466	0	1.06075	0	1.06075	0	0	0	0	0	0.756492	0	1.06075	0	0	0.818764	0.883062	0	0.955294	0	0.955294	0	0.955294	0.925383	0	0	0.927841	0	0.927841	1.06075	0	1.00802	0.895435	0	0.927841	0	1.06075	1.00802	0.914597	0	0.815099	0	0.927841	0	0	0	0.927841	0	0	0	0	0	0	
74.49	Frontopontine_Tract_L	0.815363	0.78146	0.750703	0.753923	0.761726	0.761362	0.752234	0.762349	0	0	0	0.761362	0.763615	0.781023	0	0.78146	0.758462	0.763799	0.761393	0.781023	0.726856	0.756941	0	0	0.748704	0	0.732503	0.735785	0.723922	0.795572	0.836172	0	0	0	0.729813	0.747501	0.727457	0.757513	0.836172	0	0	0	0.808816	0.753816	0	0	0.89624	0	0.89624	0.773692	0.777357	0	0	0.824942	0.781606	0.824942	0	0	0.76176	0.777193	0	0	0	0.78146	0.750872	0.778491	0.774195	0.749339	0.78146	0.78146	0	0	0	0.824942	0	0	0	0	0	0	
111.945	Frontopontine_Tract_R	0.822871	0.79563	0.759373	0.75924	0.770305	0.770078	0.76879	0.769476	1.0755	0.883018	0.761362	0	0.786712	0.784576	0	0.800767	0.769308	0.768338	0.761393	0.787931	0.726856	0.739788	0	0.766531	0.853736	0.779886	0.732503	0.737702	0.723922	0.777734	0.836172	0.826557	0	0.766243	0.729813	0.733305	0.727457	0.740435	0.836172	0.817463	0	0	0.785493	0.759207	0.796528	0.808675	0.789654	0.827881	0.835419	0.79165	0.79998	0.872618	0.83332	0.828292	0.849729	0.857591	0.842776	0.80574	0.77938	0.775719	0.832743	0.863377	0.819906	0.813497	0.795412	0.784535	0.774195	0.767014	0.829015	0.84665	0.814909	0	0.806722	0.840184	0.866993	0.813887	0	0.816941	0	0	
75.2482	Occipitopontine_Tract_L	0.815363	0.78146	0.738691	0.795386	0.763615	0.786712	0.780137	0.814011	1.0755	1.0755	0.763615	0.786712	0	0.776617	0	0.78146	0.764497	0.798333	0.766642	0.851338	0.712218	0	0	1.0755	0.748704	0	0.712218	0.775086	0	0.78146	0.836172	0	0	0	0.748704	0.747501	0.748704	0.78146	0.836172	0	0	0	0.808816	0.79099	0	0	0	0.775086	0	0.736445	0.843059	0	0	0	0	0	0.775086	0	0.773111	0.82844	0	0	0.775086	0.778273	0.766805	0.893861	0.774195	0.747369	0.78146	0.78146	0	0	0.775086	0	0	0	0	0	0	0	
97.8981	Occipitopontine_Tract_R	0.836172	0.79563	0.808871	0.774923	0.812757	0.784576	0.822549	0.783025	0	0.886934	0.781023	0.784576	0.776617	0	0	0.800767	0.822155	0.784576	0.776617	0.786579	0.712218	0.745539	0	0.761509	0.958769	0.785786	0.747627	0.746118	0	0.773022	0.836172	0.779719	0	0.766243	0.783036	0.742337	0	0.746795	0.836172	0.7827	0	0	0.791133	0.778029	0.820724	0.69806	0.778161	0.706191	0.791336	0.783156	0.791943	0.792504	0.861724	0.811677	0	0.820017	0	0.802428	0.770539	0.78608	0	0.820566	0	0.794533	0.757558	0.786381	0.774195	0.800951	0.821592	0.776752	0.814909	0	0.71127	0.797121	0	0.795152	0	0.792271	0	0	
1	Optic_Radiation_L	0	0	0	0	0	0	0	0	0	0	0	0	0	0	0	0	0	0	0	0	0	0	0	0	0	0	0	0	0	0	0	0	0	0	0	0	0	0	0	0	0	0	0	0	0	0	0	0	0	0	0	0	0	0	0	0	0	0	0	0	0	0	0	0	0	0	0	0	0	0	0	0	0	0	0	0	0	0	0	0	
50.8974	Optic_Radiation_R	0	0.800767	0.78146	0.800767	0.78146	0.800767	0	0.800767	0	0	0.78146	0.800767	0.78146	0.800767	0	0	0.78146	0.800767	0.78146	0.800767	0	0	0	0.819241	0	0.81042	0	0	0	0.800767	0	0.8016	0	0.81042	0	0	0	0.78146	0	0	0	0	0.800767	0.800767	0	0	0	0	0	0.819241	0.78146	0	0	0	0	0	0	0	0.78146	0.80035	0	0	0	0.78146	0.78146	0.819241	0	0.800767	0.78146	0.78146	0	0	0	0	0	0	0	0	0	0	
75.9622	Parietopontine_Tract_L	0.815363	0.78146	0.761745	0.774542	0.769004	0.769308	0.759562	0.80031	0	0.958769	0.758462	0.769308	0.764497	0.822155	0	0.78146	0	0.775122	0.761393	0.822155	0.712218	0	0	0	0.853736	0.958769	0.711429	0.775086	0	0.78146	0.836172	0	0	0	0.716339	0.747501	0.722962	0.78146	0.836172	0	0	0	0.808816	0.766074	0	0	0.89624	0.775086	0.89624	0.776394	0.832467	0	0	0	0	0	0.775086	0	0.756057	0.803438	0	0	0.775086	0.778273	0.750716	0.855742	0.774195	0.745254	0.78146	0.78146	0	0	0.775086	0	0	0	0	0	0	0	
109.415	Parietopontine_Tract_R	0.822871	0.79563	0.762841	0.757013	0.77417	0.768338	0.773401	0.765592	1.0755	0.860763	0.763799	0.768338	0.798333	0.784576	0	0.800767	0.775122	0	0.770274	0.787931	0.725042	0.735652	0	0.766531	0.853736	0.779886	0.732792	0.737535	0.723922	0.767159	0.836172	0.779719	0	0.766243	0.729678	0.73293	0.726952	0.739088	0.836172	0.776916	0	0	0.774937	0.755777	0.796528	0.802078	0.786595	0.822873	0.832326	0.788718	0.795921	0.792504	0.822372	0.821606	0.844615	0.842787	0.78908	0.806801	0.773203	0.773018	0.834467	0.851148	0.826287	0.800781	0.780056	0.783442	0.774195	0.770603	0.825175	0.825156	0.814909	0	0.778621	0.833385	0	0.81896	0	0.816941	0	0	
59.6271	Temporopontine_Tract_L	0.815363	0.78146	0.734246	0.756436	0.761393	0.761393	0.739883	0.758369	0	0	0.761393	0.761393	0.766642	0.776617	0	0.78146	0.761393	0.770274	0	0.776617	0.712218	0	0	0	0.748704	0	0.712218	0	0	0.78146	0.836172	0	0	0	0.726177	0.747501	0.726177	0.78146	0.836172	0	0	0	0.808816	0.748807	0	0	0	0	0	0.717124	0.788235	0	0	0	0	0	0	0	0.770246	0.766674	0	0	0	0.78146	0.762921	0.712218	0.774195	0.747369	0.78146	0.78146	0	0	0	0	0	0	0	0	0	0	
104.585	Temporopontine_Tract_R	0.836172	0.805555	0.808871	0.777094	0.812757	0.787931	0.87314	0.78583	1.0755	0.873626	0.781023	0.787931	0.851338	0.786579	0	0.800767	0.822155	0.787931	0.776617	0	0.712218	0.745673	0	0.799433	0.958769	0.80638	0.747627	0.746935	0	0.771167	0.836172	0.786809	0	0.783348	0.783036	0.733121	0	0.744258	0.836172	0.776916	0	0	0.786276	0.78211	0.790942	0.69806	0.785358	0.706191	0.826948	0.787032	0.802617	0.792504	0.859224	0.832208	0.856723	0.83086	0	0.812752	0.770539	0.789438	0.947484	0.849522	0	0.814868	0.757558	0.78921	0.774195	0.800233	0.863556	0.7887	0.814909	0	0.71127	0.825651	0	0.830501	0	0.816194	0	0	
34.6658	Arcuate_Fasciculus_L	0	0	0.726856	0.734175	0.712218	0.726856	0.726856	0.737865	0	0	0.726856	0.726856	0.712218	0.712218	0	0	0.712218	0.725042	0.712218	0.712218	0	0	0	0	0	0	0.726856	0	0	0	0	0	0	0	0.730484	0	0.734175	0	0	0	0	0	0	0.726856	0	0	0	0	0	0.712218	0.730484	0	0	0	0	0	0	0	0.730484	0.712218	0	0	0	0	0	0.712218	0.712218	0	0	0	0	0	0	0	0	0	0	0	0	0	
63.3221	Arcuate_Fasciculus_R	0	0.766013	0.733567	0.739788	0.780315	0.739788	0.733567	0.739788	0	0	0.756941	0.739788	0	0.745539	0	0	0	0.735652	0	0.745673	0	0	0	0	0	0.747913	0	0.73205	0.733567	0.768944	0	0.778421	0	0.754671	0	0.736934	0	0.74067	0	0	0	0	0.73608	0.739788	0	0	0	0	0.813833	0.776687	0.762896	0	0.838479	0.807997	0.815234	0.859575	0	0	0.780315	0.73514	0.815234	0.859575	0	0.801986	0.780315	0.741602	0	0	0.838479	0.835629	0.699934	0	0.815234	0.857425	0	0	0	0	0	0	
1	Cingulum_L	0	0	0	0	0	0	0	0	0	0	0	0	0	0	0	0	0	0	0	0	0	0	0	0	0	0	0	0	0	0	0	0	0	0	0	0	0	0	0	0	0	0	0	0	0	0	0	0	0	0	0	0	0	0	0	0	0	0	0	0	0	0	0	0	0	0	0	0	0	0	0	0	0	0	0	0	0	0	0	0	
50.535	Cingulum_R	0	0.819241	0	0.768949	0	0.766531	1.0755	0.766531	1.0755	1.0755	0	0.766531	1.0755	0.761509	0	0.819241	0	0.766531	0	0.799433	0	0	0	0	0	0.819241	0	0.738299	0	0.819241	0	0	0	0.819241	0	0	0	0.732429	0	0	0	0	0.7694	0.766531	0.746137	0	0	0	0	0.78029	0.789867	0	0	0.753672	0	0.747177	0	0	0	0.777383	0	0.747177	0	0.747177	0	0.798314	0	0.819241	0	0.760167	0	0	0	0	0	0	0	0	0	0	
44.1842	Extreme_Capsule_L	0.748704	0	0.853736	0.853736	0.853736	0.853736	0.853736	0.958769	0	0.958769	0.748704	0.853736	0.748704	0.958769	0	0	0.853736	0.853736	0.748704	0.958769	0	0	0	0	0	0.958769	0	0	0	0	0	0	0	0	0.748704	0	0.748704	0	0	0	0	0	0	0.853736	0	0	0	0	0	0	0.958769	0	0	0	0	0	0	0	0.748704	0.958769	0	0	0	0	0.748704	0.958769	0	0.748704	0	0	0	0	0	0	0	0	0	0	0	0	
65.3559	Extreme_Capsule_R	0	0.780577	0.958769	0.779886	0.958769	0.779886	0.958769	0.779886	0	0.958769	0	0.779886	0	0.785786	0	0.81042	0.958769	0.779886	0	0.80638	0	0.747913	0	0.819241	0.958769	0	0	0.806542	0	0.779536	0	0.77745	0	0.766243	0	0.760896	0	0.754036	0	0.769148	0	0	0.81042	0.779886	0	0	0.75136	0	0.75136	0.779916	0.806359	0	0.861724	0.794077	0	0.861724	0	0	0	0.794746	0	0.861724	0	0.794077	0	0.810569	0	0.790733	0.861724	0.75136	0	0	0	0	0	0	0	0	0	0	
39.4689	Frontal_Aslant_Tract_L	0	0	0.732503	0.727462	0.73837	0.732503	0.732503	0.73055	0	0	0.732503	0.732503	0.712218	0.747627	0	0	0.711429	0.732792	0.712218	0.747627	0.726856	0	0	0	0	0	0	0	0.719099	0	0	0	0	0	0.741387	0	0.73345	0	0	0	0	0	0	0.732503	0	0	0	0	0	0.747627	0.731242	0	0	0	0	0	0	0	0.741387	0.733818	0	0	0	0	0.71064	0.733818	0.712218	0.747585	0	0	0	0	0	0	0	0	0	0	0	0	
77.7811	Frontal_Aslant_Tract_R	0	0.861724	0.733567	0.737702	0	0.737702	0.729521	0.737702	0	0.780466	0.735785	0.737702	0.775086	0.746118	0	0	0.775086	0.737535	0	0.746935	0	0.73205	0	0.738299	0	0.806542	0	0	0.733567	0.781031	0	0.806542	0	0.806542	0	0.735172	0	0.737135	0	0.74625	0	0	0.753956	0.73759	0	0.689929	0.75136	0.775086	0.75136	0.745323	0.750066	0	0.836938	0.779115	0.812151	0.80056	0.775086	0.769515	0.746479	0.736926	0.812151	0.80445	0.775086	0.786636	0.775086	0.739339	0	0.74207	0.836938	0.752593	0.699934	0	0.759056	0	0	0	0	0	0	0	
24.6165	Inferior_Fronto_Occipital_Fasciculus_L	0	0	0.723922	0.723922	0	0.723922	0.723922	0.719883	0	0	0.723922	0.723922	0	0	0	0	0	0.723922	0	0	0	0.733567	0	0	0	0	0.719099	0.733567	0	0	0	0	0	0	0	0	0.732	0.733567	0	0	0	0	0	0.723922	0	0	0	0	0	0	0.732783	0	0	0	0	0	0	0	0	0.706199	0	0	0	0	0	0.706199	0	0	0	0	0	0	0	0	0	0	0	0	0	0	
77.5077	Inferior_Fronto_Occipital_Fasciculus_R	0	0.798882	0.78146	0.769158	0.780887	0.769158	0	0.777734	0	1.06075	0.795572	0.777734	0.78146	0.773022	0	0.800767	0.78146	0.767159	0.78146	0.771167	0	0.768944	0	0.819241	0	0.779536	0	0.781031	0	0	0	0.854798	0	0.781614	0	0.766643	0	0.761587	0	0.822242	0	0	0.818698	0.784252	0	0	0.809746	0	0.802044	0.79159	0.784529	0	0.861724	0.794617	0	0.843333	1.06075	0.775461	0.861866	0.76576	0	0.861724	0	0.824599	0.874174	0.765605	0	0.800767	0.821592	0.780514	0	0	0	0.786415	0	0.759451	0	0.821188	0	0	
30.1022	Inferior_Longitudinal_Fasciculus_L	0.836172	0	0	0	0.836172	0.836172	0.836172	0	0	0	0.836172	0.836172	0.836172	0.836172	0	0	0.836172	0.836172	0.836172	0.836172	0	0	0	0	0	0	0	0	0	0	0	0	0	0	0	0	0	0	0.836172	0	0	0	0.836172	0.836172	0	0	0	0	0	0	0	0	0	0	0	0	0	0	0.836172	0.836172	0	0	0	0	0	0	0.836172	0	0	0	0	0	0	0	0	0	0	0	0	0	
61.842	Inferior_Longitudinal_Fasciculus_R	0	0.831662	0	0.779719	0	0.779719	0	0.826557	0	1.06075	0	0.826557	0	0.779719	0	0.8016	0	0.779719	0	0.786809	0	0.778421	0	0	0	0.77745	0	0.806542	0	0.854798	0	0	0	0.77745	0	0.806542	0	0.769401	0	0.92477	0	0	0.883714	0.826557	0	0	0.75136	0	0.75136	0.75136	0.865656	0	0.861724	0.806542	0	0.861724	1.06075	0	1.06075	0.741955	0	0.861724	0	0.891278	1.06075	0.741955	0	0.780584	0.861724	0.75136	0	0	0	0	0	0	0	0	0	0	
1	Middle_Longitudinal_Fasciculus_L	0	0	0	0	0	0	0	0	0	0	0	0	0	0	0	0	0	0	0	0	0	0	0	0	0	0	0	0	0	0	0	0	0	0	0	0	0	0	0	0	0	0	0	0	0	0	0	0	0	0	0	0	0	0	0	0	0	0	0	0	0	0	0	0	0	0	0	0	0	0	0	0	0	0	0	0	0	0	0	0	
51.9131	Middle_Longitudinal_Fasciculus_R	0	0.780577	0	0.766243	0	0.766243	0	0.766243	0	0	0	0.766243	0	0.766243	0	0.81042	0	0.766243	0	0.783348	0	0.754671	0	0.819241	0	0.766243	0	0.806542	0	0.781614	0	0.77745	0	0	0	0.7709	0	0.751517	0	0	0	0	0.81042	0.766243	0	0	0.75136	0	0.75136	0.7853	0.784048	0	0.861724	0.806542	0	0.861724	0	0	0	0.748605	0	0.861724	0	0.806542	0	0.757179	0	0.790733	0.861724	0.75136	0	0	0	0	0	0	0	0	0	0	
38.4865	Superior_Longitudinal_Fasciculus_L	0.748704	0	0.729813	0.723047	0.729678	0.729813	0.729813	0	0	0	0.729813	0.729813	0.748704	0.783036	0	0	0.716339	0.729678	0.726177	0.783036	0.730484	0	0	0	0.748704	0	0.741387	0	0	0	0	0	0	0	0	0	0.7213	0	0	0	0	0	0	0.729813	0	0	0	0	0	0.783036	0.730484	0	0	0	0	0	0	0	0.729813	0.742699	0	0	0	0	0.716339	0.783036	0	0.748704	0	0	0	0	0	0	0	0	0	0	0	0	
68.9806	Superior_Longitudinal_Fasciculus_R	0	0.768182	0.747501	0.733305	0.747501	0.733305	0.747501	0.733305	0	0	0.747501	0.733305	0.747501	0.742337	0	0	0.747501	0.73293	0.747501	0.733121	0	0.736934	0	0	0	0.760896	0	0.735172	0	0.766643	0	0.806542	0	0.7709	0	0	0	0.735942	0	0	0	0	0.73608	0.733046	0	0	0.75136	0	0.75136	0.768596	0.752711	0	0.838479	0.811233	0.815234	0.859575	0	0	0.760962	0.728547	0.815234	0.859575	0	0.809439	0.747501	0.733867	0	0.746719	0.838479	0.804392	0.699934	0	0.815234	0.857425	0	0	0	0	0	0	
35.0574	U_Fiber_L	0.748704	0	0.727457	0.730283	0.722962	0.727457	0.727457	0.737865	0	0	0.727457	0.727457	0.748704	0	0	0	0.722962	0.726952	0.726177	0	0.734175	0	0	0	0.748704	0	0.73345	0	0.732	0	0	0	0	0	0.7213	0	0	0	0	0	0	0	0	0.727457	0	0	0	0	0	0	0.731242	0	0	0	0	0	0	0	0.724467	0.702361	0	0	0	0	0.722962	0	0	0.748704	0	0	0	0	0	0	0	0	0	0	0	0	
80.9337	U_Fiber_R	0	0.764095	0.757513	0.740435	0.78146	0.740435	0.733567	0.740435	0	0.756492	0.757513	0.740435	0.78146	0.746795	0	0.78146	0.78146	0.739088	0.78146	0.744258	0	0.74067	0	0.732429	0	0.754036	0	0.737135	0.733567	0.761587	0	0.769401	0	0.751517	0	0.735942	0	0	0	0.757699	0	0	0.758011	0.740657	0	0.689929	0.75136	0	0.782596	0.764502	0.759077	0	0.829703	0.795643	0.813693	0.82631	0	0.755161	0.748604	0.738411	0.813693	0.859575	0	0.792933	0.78146	0.741866	0	0.749561	0.817642	0.790066	0.699934	0	0.772438	0.792219	0	0.759451	0	0	0	0	
30.1022	Uncinate_Fasciculus_L	0.836172	0	0	0	0.836172	0.836172	0.836172	0	0	0	0.836172	0.836172	0.836172	0.836172	0	0	0.836172	0.836172	0.836172	0.836172	0	0	0	0	0	0	0	0	0	0	0.836172	0	0	0	0	0	0	0	0	0	0	0	0.836172	0.836172	0	0	0	0	0	0	0	0	0	0	0	0	0	0	0.836172	0.836172	0	0	0	0	0	0	0.836172	0	0	0	0	0	0	0	0	0	0	0	0	0	
50.2511	Uncinate_Fasciculus_R	0	0	0	0.776916	0	0.776916	0	0.817463	0	1.06075	0	0.817463	0	0.7827	0	0	0	0.776916	0	0.776916	0	0	0	0	0	0.769148	0	0.74625	0	0.822242	0	0.92477	0	0	0	0	0	0.757699	0	0	0	0	0.841369	0.817463	0	0	0.821188	0	0.821188	0.792819	0.865264	0	0	0.769148	0	0	1.06075	0.783719	1.06075	0.776916	0	0	0	0.914948	1.06075	0.776916	0	0.788792	0	0.74625	0	0	0	0	0	0	0	0.821188	0	0	
1	Vertical_Occipital_Fasciculus_L	0	0	0	0	0	0	0	0	0	0	0	0	0	0	0	0	0	0	0	0	0	0	0	0	0	0	0	0	0	0	0	0	0	0	0	0	0	0	0	0	0	0	0	0	0	0	0	0	0	0	0	0	0	0	0	0	0	0	0	0	0	0	0	0	0	0	0	0	0	0	0	0	0	0	0	0	0	0	0	0	
1	Vertical_Occipital_Fasciculus_R	0	0	0	0	0	0	0	0	0	0	0	0	0	0	0	0	0	0	0	0	0	0	0	0	0	0	0	0	0	0	0	0	0	0	0	0	0	0	0	0	0	0	0	0	0	0	0	0	0	0	0	0	0	0	0	0	0	0	0	0	0	0	0	0	0	0	0	0	0	0	0	0	0	0	0	0	0	0	0	0	
80.7945	Anterior_Commissure	0.836172	0.800767	0.78146	0.766977	0.808816	0.774937	0.836172	0.781451	0	0.818764	0.808816	0.785493	0.808816	0.791133	0	0.800767	0.808816	0.774937	0.808816	0.786276	0	0.73608	0	0.7694	0	0.81042	0	0.753956	0	0.818698	0.836172	0.883714	0	0.81042	0	0.73608	0	0.758011	0.836172	0.841369	0	0	0	0.792083	0	0	0.821188	0	0.821188	0.799376	0.792902	0	0	0.75301	0	0	1.06075	0.819619	0.892793	0.774585	0	0	0	0.865073	0.921104	0.777526	0.836172	0.801899	0.78146	0.78146	0	0	0	0.760981	0	0.75301	0	0.821188	0	0	
107.206	Corpus_Callosum	0.792438	0.775676	0.757326	0.756987	0.768562	0.756426	0.770769	0.759856	1.0755	0.883062	0.753816	0.759207	0.79099	0.778029	0	0.800767	0.766074	0.755777	0.748807	0.78211	0.726856	0.739788	0	0.766531	0.853736	0.779886	0.732503	0.73759	0.723922	0.784252	0.836172	0.826557	0	0.766243	0.729813	0.733046	0.727457	0.740657	0.836172	0.817463	0	0	0.792083	0	0.746137	0.723605	0.808177	0.769552	0.819864	0.775098	0.784152	0	0.816624	0.812315	0.815433	0.8387	0.917918	0.794369	0.771171	0.759763	0.80167	0.83988	0.766184	0.795742	0.766702	0.77066	0.774195	0.764085	0.80069	0.814328	0.814909	0	0.7731	0.827167	0	0.828642	0	0.829356	0	0	
25.9781	Posterior_Commissure	0.894379	0.895312	0	0.733579	0	0.796528	0	0.796528	0	0	0	0.796528	0	0.820724	0	0	0	0.796528	0	0.790942	0	0	0	0.746137	0	0	0	0	0	0	0	0	0	0	0	0	0	0	0	0	0	0	0	0.746137	0	0	0	0	0	0	0.813686	0	0	0	0	0	0	0	0.894379	0.776771	0	0	0	0	0.894379	0.796528	0	0	0	0	0	0	0	0	0	0	0	0	0	0	
44.2745	Cerebellum_L	0	0	0	0.76746	0	0.808675	0	0.781733	0	0.955294	0	0.808675	0	0.69806	0	0	0	0.802078	0	0.69806	0	0	0	0	0	0	0	0.689929	0	0	0	0	0	0	0	0	0	0.689929	0	0	0	0	0	0.723605	0	0	0	0.823518	0	0.808675	0.823518	0	0.834906	0	0.856843	0	0	0	0.777174	0.794038	0.809907	0.832818	0.793519	0.778626	0.806255	0.785708	0	0.83588	0.813727	0.778626	0	0	0.760017	0	0	0	0	0	0	0	
55.873	Cerebellum_R	0	0	0.89624	0.789306	0.89624	0.786595	0.89624	0.795408	0	0	0.89624	0.789654	0	0.778161	0	0	0.89624	0.786595	0	0.785358	0	0	0	0	0	0.75136	0	0.75136	0	0.809746	0	0.75136	0	0.75136	0	0.75136	0	0.75136	0	0.821188	0	0	0.821188	0.808177	0	0	0	0	0.798139	0.789654	0.803386	0.792504	0	0.783032	0	0	0	0.79963	0	0.794575	0	0	0	0.75136	0	0.794575	0	0.75136	0	0.791922	0	0	0	0.75205	0	0	0	0.773587	0	0	
52.1866	Inferior_Cerebellar_Peduncle_L	0	0	0	0.8012	0	0.825809	0	0.80913	0	0.955294	0	0.827881	0.775086	0.706191	0	0	0.775086	0.822873	0	0.706191	0	0	0	0	0	0	0	0.775086	0	0	0	0	0	0	0	0	0	0	0	0	0	0	0	0.769552	0	0.823518	0	0	0	0.813952	0.830718	0	0.830474	0.83549	0.86737	0	0.806034	0	0.794028	0.823474	0.82557	0.859855	0.790856	0.820324	0.824884	0.825935	0	0.83588	0.836026	0.817026	0	0	0.815514	0	0.866993	0	0	0	0	0	
69.8156	Inferior_Cerebellar_Peduncle_R	0	0	0.89624	0.819608	0.89624	0.835511	0.89624	0.835819	0	0	0.89624	0.835419	0	0.791336	0	0	0.89624	0.832326	0	0.826948	0	0.813833	0	0	0	0.75136	0	0.75136	0	0.802044	0	0.75136	0	0.75136	0	0.75136	0	0.782596	0	0.821188	0	0	0.821188	0.819864	0	0	0.798139	0	0	0.801811	0.838077	0.872618	0.812294	0.841988	0	0.882012	0	0.819031	0	0.839588	0	0.905332	1.04981	0.811275	0	0.8397	0	0.770799	0.812294	0.822371	0	0	0	0.844834	0	0.84307	0	0.827044	0	0	
94.7438	Middle_Cerebellar_Peduncle	0	0.819241	0.797165	0.775693	0.783122	0.791083	0.778381	0.785518	0	0.955294	0.773692	0.79165	0.736445	0.783156	0	0.819241	0.776394	0.788718	0.717124	0.787032	0.712218	0.776687	0	0.78029	0	0.779916	0.747627	0.745323	0	0.79159	0	0.75136	0	0.7853	0.783036	0.768596	0	0.764502	0	0.792819	0	0	0.799376	0.775098	0	0.808675	0.789654	0.813952	0.801811	0	0.795202	0.792504	0.823182	0.796955	0.856843	0.85748	0.775086	0.789273	0.776402	0.793065	0.809907	0.860583	0.787374	0.771657	0.78663	0.787239	0.712218	0.80216	0.804368	0.802689	0	0	0.758565	0.814446	0	0.800731	0	0.790552	0	0	
107.587	Superior_Cerebellar_Peduncle	0.843159	0.826625	0.795072	0.779342	0.803788	0.798234	0.800638	0.797087	1.0755	0.925383	0.777357	0.79998	0.843059	0.791943	0	0.78146	0.832467	0.795921	0.788235	0.802617	0.730484	0.762896	0	0.789867	0.958769	0.806359	0.731242	0.750066	0.732783	0.784529	0	0.865656	0	0.784048	0.730484	0.752711	0.731242	0.759077	0	0.865264	0	0	0.792902	0.784152	0.813686	0.823518	0.803386	0.830718	0.838077	0.795202	0	0.872618	0.83332	0.831738	0.849729	0.855817	0.853698	0.797785	0.804023	0.805499	0.832743	0.857314	0.82444	0.821665	0.835	0.808628	0	0.786588	0.830681	0.844009	0	0	0.825304	0.858199	0.866993	0.80477	0	0.817947	0	0	
25.6979	Vermis	0	0	0	0	0	0.872618	0	0.872618	0	0	0	0.872618	0	0.792504	0	0	0	0.792504	0	0.792504	0	0	0	0	0	0	0	0	0	0	0	0	0	0	0	0	0	0	0	0	0	0	0	0	0	0	0.792504	0	0.872618	0.792504	0.872618	0	0	0.872618	0	0	0	0	0	0.872618	0	0	0	0.952732	0	0.872618	0	0	0	0.952732	0	0	0	0	0	0	0	0	0	0	
71.8407	Central_Tegmental_Tract_L	0	0.861724	0	0.834973	0	0.831933	0	0.826256	0	0	0	0.83332	0	0.861724	0	0	0	0.822372	0	0.859224	0	0.838479	0	0	0	0.861724	0	0.836938	0	0.861724	0	0.861724	0	0.861724	0	0.838479	0	0.829703	0	0	0	0	0	0.816624	0	0.834906	0	0.830474	0.812294	0.823182	0.83332	0	0	0.838776	0.846969	0.84358	0.830442	0.812294	0.779837	0.823259	0.81362	0.83077	0.793686	0.835044	0.839456	0.822399	0	0.83588	0.825306	0.867632	0	0	0.84647	0.870526	0.866993	0.812294	0	0.812294	0	0	
80.9947	Central_Tegmental_Tract_R	0	0.861724	0	0.814215	0	0.827884	0	0.824356	0	0.927841	0.824942	0.828292	0	0.811677	0	0	0	0.821606	0	0.832208	0	0.807997	0	0.753672	0	0.794077	0	0.779115	0	0.794617	0	0.806542	0	0.806542	0	0.811233	0	0.795643	0	0.769148	0	0	0.75301	0.812315	0	0	0.783032	0.83549	0.841988	0.796955	0.831738	0.872618	0.838776	0	0.83549	0.858518	0.803988	0.806409	0.810135	0.82314	0.947484	0.873432	0.926901	0.813955	0.83549	0.822553	0	0.770799	0.838045	0.849613	0	0	0.83549	0.852404	0.866993	0.823694	0	0.843591	0	0	
55.4801	Dorsal_Longitudinal_Fasciculus_L	0	0	0	0.831395	0	0.849077	0.781606	0.847829	0	0	0.781606	0.849729	0	0	0	0	0	0.844615	0	0.856723	0	0.815234	0	0	0	0	0	0.812151	0	0	0	0	0	0	0	0.815234	0	0.813693	0	0	0	0	0	0.815433	0	0.856843	0	0.86737	0	0.856843	0.849729	0	0.846969	0.83549	0	0.856723	0.830442	0	0	0.856012	0.815476	0.848203	0.816872	0.868368	0.887944	0.874457	0	0.781606	0.884632	0.869265	0	0	0.855483	0	0.866993	0	0	0	0	0	
64.8076	Dorsal_Longitudinal_Fasciculus_R	0	0.861724	0	0.837568	0	0.854773	0	0.853923	0	0.927841	0.824942	0.857591	0	0.820017	0	0	0	0.842787	0	0.83086	0	0.859575	0	0.747177	0	0.861724	0	0.80056	0	0.843333	0	0.861724	0	0.861724	0	0.859575	0	0.82631	0	0	0	0	0	0.8387	0	0	0	0	0.882012	0.85748	0.855817	0	0.84358	0.858518	0.856723	0	0	0.811038	0.827992	0.845353	0	0.886881	1.04981	0.812947	0	0.846549	0	0	0.830472	0.917313	0	0	0	0.874767	0	0.835796	0	0.838329	0	0	
53.1063	Lateral_Lemniscus_L	0	0	0	0.806716	0	0.784753	0	0.850533	0	1.06075	0	0.842776	0.775086	0	0	0	0.775086	0.78908	0	0	0	0	0	0	0	0	0	0.775086	0	1.06075	0	1.06075	0	0	0	0	0	0	0	1.06075	0	0	1.06075	0.917918	0	0	0	0.806034	0	0.775086	0.853698	0	0.830442	0.803988	0.830442	0	0	0	0.869202	0.803988	0.856896	0.803988	0.784753	0.852898	0.842776	0.803988	0	0	0.77177	0.830442	0	0	0.81199	0	0	0	0	0	0	0	
48.349	Lateral_Lemniscus_R	0	0	0	0.793449	0	0.80574	0	0.804527	0	0	0	0.80574	0	0.802428	0	0	0	0.806801	0	0.812752	0	0	0	0	0	0	0	0.769515	0	0.775461	0	0	0	0	0	0	0	0.755161	0	0.783719	0	0	0.819619	0.794369	0	0	0.79963	0	0.819031	0.789273	0.797785	0	0.812294	0.806409	0	0.811038	0	0	0	0.80574	0	0.852388	0	0.791979	0	0.80574	0	0	0.812294	0.746603	0.929884	0	0	0.807877	0	0.824279	0	0.832977	0	0	
86.3272	Medial_Lemniscus_L	0.822871	0.78146	0.741956	0.761242	0.762248	0.772166	0.745049	0.80051	0	1.00802	0.76176	0.77938	0.773111	0.770539	0	0.78146	0.756057	0.773203	0.770246	0.770539	0.730484	0.780315	0	0	0.748704	0	0.741387	0.746479	0	0.861866	0.836172	1.06075	0	0	0.729813	0.760962	0.724467	0.748604	0.836172	1.06075	0	0	0.892793	0.771171	0.894379	0.777174	0	0.794028	0	0.776402	0.804023	0	0.779837	0.810135	0	0.827992	0.869202	0	0	0.784397	0	0	0.77188	0.821954	0.779708	0.793565	0.836172	0.748231	0.778481	0.789928	0	0	0.738456	0.824942	0	0	0	0	0	0	
110.411	Medial_Lemniscus_R	0.834812	0.785643	0.795202	0.761406	0.801332	0.775606	0.822868	0.772846	1.0755	0.895435	0.777193	0.775719	0.82844	0.78608	0	0.80035	0.803438	0.773018	0.766674	0.789438	0.712218	0.73514	0	0.777383	0.958769	0.794746	0.733818	0.736926	0.706199	0.76576	0.836172	0.741955	0	0.748605	0.742699	0.728547	0.702361	0.738411	0.836172	0.776916	0	0	0.774585	0.759763	0.776771	0.794038	0.794575	0.823474	0.839588	0.793065	0.805499	0.872618	0.823259	0.82314	0.856012	0.845353	0.803988	0.80574	0.784397	0	0.831414	0.852625	0.844845	0.804618	0.807905	0.78334	0.774195	0.811266	0.82783	0.836986	0.814909	0	0.783217	0.831675	0	0.813887	0	0.816941	0	0	
47.1724	Medial_Longitudinal_Fasciculus_L	0	0	0	0.812375	0	0.828718	0	0.834893	0	0	0	0.832743	0	0	0	0	0	0.834467	0	0.947484	0	0.815234	0	0	0	0	0	0.812151	0	0	0	0	0	0	0	0.815234	0	0.813693	0	0	0	0	0	0.80167	0	0.809907	0	0.82557	0	0.809907	0.832743	0	0.81362	0.947484	0.815476	0	0.856896	0	0	0.831414	0	0.862553	0	0.84371	0.856896	0.883663	0	0	0.84371	0.828433	0	0	0.828094	0.947484	0	0	0	0	0	0	
75.3362	Medial_Longitudinal_Fasciculus_R	0	0.861724	0	0.839686	0	0.860981	0	0.85825	0	0.927841	0	0.863377	0	0.820566	0	0	0	0.851148	0	0.849522	0	0.859575	0	0.747177	0	0.861724	0	0.80445	0	0.861724	0	0.861724	0	0.861724	0	0.859575	0	0.859575	0	0	0	0	0	0.83988	0	0.832818	0	0.859855	0.905332	0.860583	0.857314	0	0.83077	0.873432	0.848203	0.886881	0.803988	0.852388	0	0.852625	0.862553	0	0.894519	0.841133	0.87788	0.858774	0	0.83588	0.855847	0.893117	0	0	0.83549	0.926713	0.866993	0.852388	0	0.852388	0	0	
48.1996	Rubrospinal_Tract_L	0	0	0	0.77598	0	0.819906	0	0.820917	0	0	0	0.819906	0.775086	0	0	0	0.775086	0.826287	0	0	0	0	0	0	0	0	0	0.775086	0	0	0	0	0	0	0	0	0	0	0	0	0	0	0	0.766184	0	0.793519	0	0.790856	1.04981	0.787374	0.82444	0	0.793686	0.926901	0.816872	1.04981	0.784753	0	0.77188	0.844845	0	0.894519	0	0.777031	0.779946	0.870362	0	0	0.770812	0.780635	0	0	0.787486	1.04981	0	0	0	0	0	0	
91.6342	Rubrospinal_Tract_R	0	0.821592	0.78146	0.793176	0.78146	0.807471	0	0.80855	0	1.06075	0.78146	0.813497	0.778273	0.794533	0	0.78146	0.778273	0.800781	0.78146	0.814868	0	0.801986	0	0.747177	0	0.794077	0	0.786636	0	0.824599	0	0.891278	0	0.806542	0	0.809439	0	0.792933	0	0.914948	0	0	0.865073	0.795742	0	0.778626	0.75136	0.820324	0.811275	0.771657	0.821665	0.952732	0.835044	0.813955	0.868368	0.812947	0.852898	0.791979	0.821954	0.804618	0.84371	0.841133	0.777031	0	0.850546	0.804146	0	0.774352	0.830284	0.81916	0	0	0.837106	0.815743	0.866993	0.8005	0	0.837504	0	0	
84.3631	Spinothalamic_Tract_L	0.819545	0.78146	0.730412	0.770451	0.754049	0.785508	0.728726	0.817555	0	1.00802	0.750872	0.795412	0.766805	0.757558	0	0.78146	0.750716	0.780056	0.762921	0.757558	0	0.780315	0	0	0.748704	0	0.71064	0.775086	0	0.874174	0	1.06075	0	0	0.716339	0.747501	0.722962	0.78146	0	1.06075	0	0	0.921104	0.766702	0.894379	0.806255	0	0.824884	0	0.78663	0.835	0	0.839456	0.83549	0.887944	0	0.842776	0	0.779708	0.807905	0.856896	0.87788	0.779946	0.850546	0	0.828746	0	0.745799	0.822841	0.835967	0	0	0.809927	0	0.866993	0	0	0	0	0	
106.537	Spinothalamic_Tract_R	0.834132	0.827653	0.811292	0.770837	0.837566	0.783866	0.855328	0.781897	1.0755	0.914597	0.778491	0.784535	0.893861	0.786381	0	0.819241	0.855742	0.783442	0.712218	0.78921	0.712218	0.741602	0	0.798314	0.958769	0.810569	0.733818	0.739339	0.706199	0.765605	0	0.741955	0	0.757179	0.783036	0.733867	0	0.741866	0	0.776916	0	0	0.777526	0.77066	0.796528	0.785708	0.794575	0.825935	0.8397	0.787239	0.808628	0.872618	0.822399	0.822553	0.874457	0.846549	0.803988	0.80574	0.793565	0.78334	0.883663	0.858774	0.870362	0.804146	0.828746	0	0.712218	0.817202	0.832847	0.839927	0.814909	0	0.733369	0.832621	0	0.813887	0	0.816941	0	0	
35.613	CNII_L	0.836172	0	0.712218	0	0.774195	0.774195	0.774195	0	0	0	0.774195	0.774195	0.774195	0.774195	0	0	0.774195	0.774195	0.774195	0.774195	0.712218	0	0	0	0	0	0.712218	0	0	0	0.836172	0	0	0	0	0	0	0	0.836172	0	0	0	0.836172	0.774195	0	0	0	0	0	0.712218	0	0	0	0	0	0	0	0	0.836172	0.774195	0	0	0	0	0	0.712218	0	0	0	0	0	0	0	0	0	0	0	0	0	0	
79.3101	CNII_R	0.748704	0.814468	0.750017	0.758875	0.748139	0.767014	0.745324	0.767834	0	0.815099	0.749339	0.767014	0.747369	0.800951	0	0.800767	0.745254	0.770603	0.747369	0.800233	0	0	0	0.819241	0.748704	0.790733	0.747585	0.74207	0	0.800767	0	0.780584	0	0.790733	0.748704	0.746719	0.748704	0.749561	0	0.788792	0	0	0.801899	0.764085	0	0.83588	0.75136	0.83588	0.770799	0.80216	0.786588	0	0.83588	0.770799	0.781606	0	0	0	0.748231	0.811266	0	0.83588	0	0.774352	0.745799	0.817202	0	0	0.78146	0.76641	0	0	0	0.790238	0	0	0	0	0	0	
81.9695	CNIII_L	0	0.821592	0.78146	0.811002	0.78146	0.829015	0	0.818764	0	0	0.78146	0.829015	0.78146	0.821592	0	0.78146	0.78146	0.825175	0.78146	0.863556	0	0.838479	0	0	0	0.861724	0	0.836938	0	0.821592	0	0.861724	0	0.861724	0	0.838479	0	0.817642	0	0	0	0	0.78146	0.80069	0	0.813727	0	0.836026	0.812294	0.804368	0.830681	0	0.825306	0.838045	0.884632	0.830472	0.77177	0.812294	0.778481	0.82783	0.84371	0.855847	0.770812	0.830284	0.822841	0.832847	0	0.78146	0	0.817374	0	0	0.848777	0.879889	0	0.812294	0	0.812294	0	0	
89.459	CNIII_R	0	0.78146	0.78146	0.812755	0.78146	0.843883	0	0.838878	0	0.927841	0.78146	0.84665	0.78146	0.776752	0	0.78146	0.78146	0.825156	0.78146	0.7887	0	0.835629	0	0.760167	0	0.75136	0	0.752593	0	0.780514	0	0.75136	0	0.75136	0	0.804392	0	0.790066	0	0.74625	0	0	0.78146	0.814328	0	0.778626	0.791922	0.817026	0.822371	0.802689	0.844009	0.952732	0.867632	0.849613	0.869265	0.917313	0.830442	0.746603	0.789928	0.836986	0.828433	0.893117	0.780635	0.81916	0.835967	0.839927	0	0.76641	0.817374	0	0	0	0.869265	0.922285	0.866993	0.741025	0	0	0	0	
23.7574	CNIV_L	0	0	0	0.814909	0	0.814909	0	0.814909	0	0	0	0.814909	0	0.814909	0	0	0	0.814909	0	0.814909	0	0.699934	0	0	0	0	0	0.699934	0	0	0	0	0	0	0	0.699934	0	0.699934	0	0	0	0	0	0.814909	0	0	0	0	0	0	0	0	0	0	0	0	0	0.929884	0	0.814909	0	0	0	0	0	0.814909	0	0	0	0	0	0	0	0	0	0	0	0	0	0	
1	CNIV_R	0	0	0	0	0	0	0	0	0	0	0	0	0	0	0	0	0	0	0	0	0	0	0	0	0	0	0	0	0	0	0	0	0	0	0	0	0	0	0	0	0	0	0	0	0	0	0	0	0	0	0	0	0	0	0	0	0	0	0	0	0	0	0	0	0	0	0	0	0	0	0	0	0	0	0	0	0	0	0	0	
52.6946	CNV_L	0	0	0	0.798866	0	0.80216	0	0.806117	0	0	0	0.806722	0.775086	0.71127	0	0	0.775086	0.778621	0	0.71127	0	0.815234	0	0	0	0	0	0.759056	0	0	0	0	0	0	0	0.815234	0	0.772438	0	0	0	0	0	0.7731	0	0.760017	0	0.815514	0	0.758565	0.825304	0	0.84647	0.83549	0.855483	0	0.81199	0	0.738456	0.783217	0.828094	0.83549	0.787486	0.837106	0.809927	0.733369	0	0	0.848777	0.869265	0	0	0	0	0.866993	0	0	0	0	0	
59.1394	CNV_R	0	0	0	0.815949	0	0.840165	0	0.838709	0	0.927841	0.824942	0.840184	0	0.797121	0	0	0	0.833385	0	0.825651	0	0.857425	0	0	0	0	0	0	0	0.786415	0	0	0	0	0	0.857425	0	0.792219	0	0	0	0	0.760981	0.827167	0	0	0.75205	0	0.844834	0.814446	0.858199	0	0.870526	0.852404	0	0.874767	0	0.807877	0.824942	0.831675	0.947484	0.926713	1.04981	0.815743	0	0.832621	0	0.790238	0.879889	0.922285	0	0	0	0	0	0.81834	0	0.829279	0	0	
24.2758	CNVII_L	0	0	0	0.866993	0	0.866993	0	0.866993	0	0	0	0.866993	0	0	0	0	0	0	0	0	0	0	0	0	0	0	0	0	0	0	0	0	0	0	0	0	0	0	0	0	0	0	0	0	0	0	0	0.866993	0	0	0.866993	0	0.866993	0.866993	0.866993	0	0	0	0	0	0	0.866993	0	0.866993	0.866993	0	0	0	0	0.866993	0	0	0.866993	0	0	0	0	0	0	0	
42.1022	CNVII_R	0	0	0	0.823384	0	0.81896	0	0.819566	0	0	0	0.813887	0	0.795152	0	0	0	0.81896	0	0.830501	0	0	0	0	0	0	0	0	0	0.759451	0	0	0	0	0	0	0	0.759451	0	0	0	0	0.75301	0.828642	0	0	0	0	0.84307	0.800731	0.80477	0	0.812294	0.823694	0	0.835796	0	0.824279	0	0.813887	0	0.852388	0	0.8005	0	0.813887	0	0	0.812294	0.741025	0	0	0	0.81834	0	0	0	0.833199	0	0	
1	CNVIII_L	0	0	0	0	0	0	0	0	0	0	0	0	0	0	0	0	0	0	0	0	0	0	0	0	0	0	0	0	0	0	0	0	0	0	0	0	0	0	0	0	0	0	0	0	0	0	0	0	0	0	0	0	0	0	0	0	0	0	0	0	0	0	0	0	0	0	0	0	0	0	0	0	0	0	0	0	0	0	0	0	
42.6396	CNVIII_R	0	0	0	0.805512	0	0.816941	0	0.827217	0	0	0	0.816941	0	0.792271	0	0	0	0.816941	0	0.816194	0	0	0	0	0	0	0	0	0	0.821188	0	0	0	0	0	0	0	0	0	0.821188	0	0	0.821188	0.829356	0	0	0.773587	0	0.827044	0.790552	0.817947	0	0.812294	0.843591	0	0.838329	0	0.832977	0	0.816941	0	0.852388	0	0.837504	0	0.816941	0	0	0.812294	0	0	0	0	0.829279	0	0.833199	0	0	0	0	
1	CNX_L	0	0	0	0	0	0	0	0	0	0	0	0	0	0	0	0	0	0	0	0	0	0	0	0	0	0	0	0	0	0	0	0	0	0	0	0	0	0	0	0	0	0	0	0	0	0	0	0	0	0	0	0	0	0	0	0	0	0	0	0	0	0	0	0	0	0	0	0	0	0	0	0	0	0	0	0	0	0	0	0	
1	CNX_R	0	0	0	0	0	0	0	0	0	0	0	0	0	0	0	0	0	0	0	0	0	0	0	0	0	0	0	0	0	0	0	0	0	0	0	0	0	0	0	0	0	0	0	0	0	0	0	0	0	0	0	0	0	0	0	0	0	0	0	0	0	0	0	0	0	0	0	0	0	0	0	0	0	0	0	0	0	0	0	0	
